期數,期初金額,每期支付額,利息費用,本金償還,期末欠款
1,7000000,34753,10500,24253,6975747
2,6975747,34753,10464,24289,6951458
3,6951458,34753,10427,24325,6927133
4,6927133,34753,10391,24362,6902771
5,6902771,34753,10354,24398,6878373
6,6878373,34753,10318,24435,6853937
7,6853937,34753,10281,24472,6829466
8,6829466,34753,10244,24508,6804957
9,6804957,34753,10207,24545,6780412
10,6780412,34753,10171,24582,6755830
11,6755830,34753,10134,24619,6731211
12,6731211,34753,10097,24656,6706555
13,6706555,34753,10060,24693,6681863
14,6681863,34753,10023,24730,6657133
15,6657133,34753,9986,24767,6632366
16,6632366,34753,9949,24804,6607562
17,6607562,34753,9911,24841,6582721
18,6582721,34753,9874,24879,6557842
19,6557842,34753,9837,24916,6532926
20,6532926,34753,9799,24953,6507973
21,6507973,34753,9762,24991,6482982
22,6482982,34753,9724,25028,6457954
23,6457954,34753,9687,25066,6432888
24,6432888,34753,9649,25103,6407785
25,6407785,34753,9612,25141,6382644
26,6382644,34753,9574,25179,6357466
27,6357466,34753,9536,25216,6332249
28,6332249,34753,9498,25254,6306995
29,6306995,34753,9460,25292,6281703
30,6281703,34753,9423,25330,6256373
31,6256373,34753,9385,25368,6231005
32,6231005,34753,9347,25406,6205598
33,6205598,34753,9308,25444,6180154
34,6180154,34753,9270,25482,6154672
35,6154672,34753,9232,25521,6129151
36,6129151,34753,9194,25559,6103592
37,6103592,34753,9155,25597,6077995
38,6077995,34753,9117,25636,6052359
39,6052359,34753,9079,25674,6026685
40,6026685,34753,9040,25713,6000973
41,6000973,34753,9001,25751,5975222
42,5975222,34753,8963,25790,5949432
43,5949432,34753,8924,25828,5923603
44,5923603,34753,8885,25867,5897736
45,5897736,34753,8847,25906,5871830
46,5871830,34753,8808,25945,5845885
47,5845885,34753,8769,25984,5819901
48,5819901,34753,8730,26023,5793879
49,5793879,34753,8691,26062,5767817
50,5767817,34753,8652,26101,5741716
51,5741716,34753,8613,26140,5715576
52,5715576,34753,8573,26179,5689397
53,5689397,34753,8534,26219,5663178
54,5663178,34753,8495,26258,5636920
55,5636920,34753,8455,26297,5610623
56,5610623,34753,8416,26337,5584286
57,5584286,34753,8376,26376,5557910
58,5557910,34753,8337,26416,5531494
59,5531494,34753,8297,26455,5505039
60,5505039,34753,8258,26495,5478544
61,5478544,34753,8218,26535,5452009
62,5452009,34753,8178,26575,5425435
63,5425435,34753,8138,26614,5398820
64,5398820,34753,8098,26654,5372166
65,5372166,34753,8058,26694,5345471
66,5345471,34753,8018,26734,5318737
67,5318737,34753,7978,26775,5291962
68,5291962,34753,7938,26815,5265148
69,5265148,34753,7898,26855,5238293
70,5238293,34753,7857,26895,5211398
71,5211398,34753,7817,26936,5184462
72,5184462,34753,7777,26976,5157486
73,5157486,34753,7736,27016,5130470
74,5130470,34753,7696,27057,5103413
75,5103413,34753,7655,27098,5076315
76,5076315,34753,7614,27138,5049177
77,5049177,34753,7574,27179,5021998
78,5021998,34753,7533,27220,4994779
79,4994779,34753,7492,27260,4967518
80,4967518,34753,7451,27301,4940217
81,4940217,34753,7410,27342,4912875
82,4912875,34753,7369,27383,4885491
83,4885491,34753,7328,27424,4858067
84,4858067,34753,7287,27466,4830601
85,4830601,34753,7246,27507,4803095
86,4803095,34753,7205,27548,4775547
87,4775547,34753,7163,27589,4747957
88,4747957,34753,7122,27631,4720327
89,4720327,34753,7080,27672,4692655
90,4692655,34753,7039,27714,4664941
91,4664941,34753,6997,27755,4637186
92,4637186,34753,6956,27797,4609389
93,4609389,34753,6914,27839,4581550
94,4581550,34753,6872,27880,4553670
95,4553670,34753,6831,27922,4525748
96,4525748,34753,6789,27964,4497784
97,4497784,34753,6747,28006,4469778
98,4469778,34753,6705,28048,4441730
99,4441730,34753,6663,28090,4413640
100,4413640,34753,6620,28132,4385508
101,4385508,34753,6578,28174,4357333
102,4357333,34753,6536,28217,4329117
103,4329117,34753,6494,28259,4300858
104,4300858,34753,6451,28301,4272557
105,4272557,34753,6409,28344,4244213
106,4244213,34753,6366,28386,4215826
107,4215826,34753,6324,28429,4187398
108,4187398,34753,6281,28472,4158926
109,4158926,34753,6238,28514,4130412
110,4130412,34753,6196,28557,4101855
111,4101855,34753,6153,28600,4073255
112,4073255,34753,6110,28643,4044612
113,4044612,34753,6067,28686,4015926
114,4015926,34753,6024,28729,3987198
115,3987198,34753,5981,28772,3958426
116,3958426,34753,5938,28815,3929611
117,3929611,34753,5894,28858,3900753
118,3900753,34753,5851,28901,3871851
119,3871851,34753,5808,28945,3842906
120,3842906,34753,5764,28988,3813918
121,3813918,34753,5721,29032,3784886
122,3784886,34753,5677,29075,3755811
123,3755811,34753,5634,29119,3726692
124,3726692,34753,5590,29163,3697530
125,3697530,34753,5546,29206,3668323
126,3668323,34753,5502,29250,3639073
127,3639073,34753,5459,29294,3609779
128,3609779,34753,5415,29338,3580441
129,3580441,34753,5371,29382,3551059
130,3551059,34753,5327,29426,3521633
131,3521633,34753,5282,29470,3492163
132,3492163,34753,5238,29514,3462649
133,3462649,34753,5194,29559,3433090
134,3433090,34753,5150,29603,3403487
135,3403487,34753,5105,29647,3373840
136,3373840,34753,5061,29692,3344148
137,3344148,34753,5016,29736,3314411
138,3314411,34753,4972,29781,3284630
139,3284630,34753,4927,29826,3254805
140,3254805,34753,4882,29870,3224934
141,3224934,34753,4837,29915,3195019
142,3195019,34753,4793,29960,3165059
143,3165059,34753,4748,30005,3135054
144,3135054,34753,4703,30050,3105004
145,3105004,34753,4658,30095,3074909
146,3074909,34753,4612,30140,3044768
147,3044768,34753,4567,30185,3014583
148,3014583,34753,4522,30231,2984352
149,2984352,34753,4477,30276,2954076
150,2954076,34753,4431,30322,2923755
151,2923755,34753,4386,30367,2893388
152,2893388,34753,4340,30413,2862975
153,2862975,34753,4294,30458,2832517
154,2832517,34753,4249,30504,2802013
155,2802013,34753,4203,30550,2771463
156,2771463,34753,4157,30595,2740868
157,2740868,34753,4111,30641,2710227
158,2710227,34753,4065,30687,2679539
159,2679539,34753,4019,30733,2648806
160,2648806,34753,3973,30779,2618027
161,2618027,34753,3927,30826,2587201
162,2587201,34753,3881,30872,2556329
163,2556329,34753,3834,30918,2525411
164,2525411,34753,3788,30965,2494447
165,2494447,34753,3742,31011,2463436
166,2463436,34753,3695,31057,2432378
167,2432378,34753,3649,31104,2401274
168,2401274,34753,3602,31151,2370123
169,2370123,34753,3555,31197,2338926
170,2338926,34753,3508,31244,2307682
171,2307682,34753,3462,31291,2276391
172,2276391,34753,3415,31338,2245053
173,2245053,34753,3368,31385,2213668
174,2213668,34753,3321,31432,2182236
175,2182236,34753,3273,31479,2150756
176,2150756,34753,3226,31526,2119230
177,2119230,34753,3179,31574,2087656
178,2087656,34753,3131,31621,2056035
179,2056035,34753,3084,31669,2024366
180,2024366,34753,3037,31716,1992650
181,1992650,34753,2989,31764,1960887
182,1960887,34753,2941,31811,1929075
183,1929075,34753,2894,31859,1897216
184,1897216,34753,2846,31907,1865309
185,1865309,34753,2798,31955,1833355
186,1833355,34753,2750,32003,1801352
187,1801352,34753,2702,32051,1769302
188,1769302,34753,2654,32099,1737203
189,1737203,34753,2606,32147,1705056
190,1705056,34753,2558,32195,1672861
191,1672861,34753,2509,32243,1640618
192,1640618,34753,2461,32292,1608326
193,1608326,34753,2412,32340,1575986
194,1575986,34753,2364,32389,1543597
195,1543597,34753,2315,32437,1511160
196,1511160,34753,2267,32486,1478674
197,1478674,34753,2218,32535,1446140
198,1446140,34753,2169,32583,1413556
199,1413556,34753,2120,32632,1380924
200,1380924,34753,2071,32681,1348243
201,1348243,34753,2022,32730,1315512
202,1315512,34753,1973,32779,1282733
203,1282733,34753,1924,32829,1249904
204,1249904,34753,1875,32878,1217027
205,1217027,34753,1826,32927,1184100
206,1184100,34753,1776,32976,1151123
207,1151123,34753,1727,33026,1118097
208,1118097,34753,1677,33075,1085022
209,1085022,34753,1628,33125,1051897
210,1051897,34753,1578,33175,1018722
211,1018722,34753,1528,33225,985497
212,985497,34753,1478,33274,952223
213,952223,34753,1428,33324,918899
214,918899,34753,1378,33374,885524
215,885524,34753,1328,33424,852100
216,852100,34753,1278,33474,818626
217,818626,34753,1228,33525,785101
218,785101,34753,1178,33575,751526
219,751526,34753,1127,33625,717901
220,717901,34753,1077,33676,684225
221,684225,34753,1026,33726,650498
222,650498,34753,976,33777,616722
223,616722,34753,925,33828,582894
224,582894,34753,874,33878,549016
225,549016,34753,824,33929,515087
226,515087,34753,773,33980,481107
227,481107,34753,722,34031,447076
228,447076,34753,671,34082,412994
229,412994,34753,619,34133,378861
230,378861,34753,568,34184,344676
231,344676,34753,517,34236,310441
232,310441,34753,466,34287,276154
233,276154,34753,414,34338,241815
234,241815,34753,363,34390,207425
235,207425,34753,311,34441,172984
236,172984,34753,259,34493,138491
237,138491,34753,208,34545,103946
238,103946,34753,156,34597,69349
239,69349,34753,104,34649,34701
240,34701,34753,52,34701,
總計,,8340630,1340630,7000000,0